,ts_code,name,industry,continuous_fall,average_p_change,accumulate_p_change,circ_mv
1140,002680.SZ,*ST长生,生物制药,21.0,-4.095,-60.406,90607.4252
3225,603165.SH,荣晟环保,造纸,1.0,-5.848,-11.387,86974.272
3000,601208.SH,东材科技,化工原料,2.0,-3.903,-11.29,344630.55
3544,603909.SH,合诚股份,建筑施工,1.0,-5.696,-11.103,64450.0
802,002341.SZ,新纶科技,化工原料,2.0,-3.835,-11.094,736505.3503
1896,300512.SZ,中亚股份,专用机械,2.0,-3.818,-11.072,118760.8294
1863,300479.SZ,神思电子,软件服务,1.0,-5.414,-10.595,261920.0
1453,300066.SZ,三川智慧,电器仪表,1.0,-5.253,-10.251,427305.4989
2125,300753.SZ,爱朋医疗,医疗保健,1.0,-4.894,-9.607,87243.8
1120,002660.SZ,茂硕电源,电气设备,1.0,-4.878,-9.543,142195.5096
1642,300256.SZ,星星科技,元器件,1.0,-4.687,-9.155,300031.0194
2681,600666.SH,奥瑞德,元器件,1.0,-4.256,-8.333,274046.5364
2019,300641.SZ,正丹股份,化工原料,1.0,-4.154,-8.153,123305.76
3271,603283.SH,赛腾股份,专用机械,2.0,-2.707,-7.908,70800.0
2568,600537.SH,亿晶光电,半导体,2.0,-2.652,-7.769,432900.2106
1607,300221.SZ,银禧科技,塑料,1.0,-3.776,-7.469,283236.2038
1425,300037.SZ,新宙邦,化工原料,4.0,-1.487,-7.455,634075.015
1947,300566.SZ,激智科技,元器件,2.0,-2.546,-7.449,141023.6511
1321,002875.SZ,安奈儿,服饰,1.0,-3.69,-7.437,71610.513
1078,002618.SZ,丹邦科技,元器件,2.0,-2.484,-7.287,857494.8
2265,600162.SH,香江控股,全国地产,1.0,-3.636,-7.143,734764.6231
507,002045.SZ,国光电器,元器件,1.0,-3.571,-7.045,224886.0043
1039,002579.SZ,中京电子,元器件,1.0,-3.559,-7.011,368070.8692
493,002031.SZ,巨轮智能,汽车配件,1.0,-3.56,-6.996,427279.176
775,002314.SZ,南山控股,区域地产,1.0,-3.554,-6.983,378976.5531
1293,002845.SZ,同兴达,元器件,1.0,-3.38,-6.768,145403.7142
2466,600396.SH,金山股份,火力发电,1.0,-3.359,-6.608,312213.8452
626,002164.SZ,宁波东力,电气设备,1.0,-3.335,-6.579,156179.9095
3177,603063.SH,禾望电气,电气设备,1.0,-3.309,-6.509,212664.9
3343,603486.SH,科沃斯,家用电器,2.0,-2.191,-6.457,214936.0
478,002016.SZ,世荣兆业,区域地产,1.0,-3.248,-6.396,713632.6116
883,002422.SZ,科伦药业,化学制药,2.0,-2.141,-6.307,2324360.1768
325,000810.SZ,创维数字,家用电器,2.0,-2.111,-6.225,672513.2284
887,002426.SZ,胜利精密,元器件,1.0,-3.143,-6.215,716383.8328
3468,603739.SH,蔚蓝生物,农业综合,1.0,-3.122,-6.175,130423.791
1560,300173.SZ,智慧松德,轻工机械,1.0,-3.123,-6.159,200655.732
808,002347.SZ,泰尔股份,机械基件,1.0,-3.109,-6.136,131790.7305
36,000045.SZ,深纺织A,纺织,1.0,-3.081,-6.096,295689.7396
3434,603683.SH,晶华新材,化工原料,1.0,-3.079,-6.072,64659.38
1962,300582.SZ,英飞特,半导体,1.0,-3.077,-6.061,185043.7167
494,002032.SZ,苏泊尔,家用电器,4.0,-1.174,-5.768,2891953.0895
11,000014.SZ,沙河股份,全国地产,1.0,-2.889,-5.727,215824.5501
1126,002666.SZ,德联集团,化工原料,5.0,-0.958,-5.72,197014.0152
164,000584.SZ,哈工智能,化纤,1.0,-2.892,-5.7,465205.2213
1850,300466.SZ,赛摩电气,电器仪表,1.0,-2.888,-5.696,174959.5876
1513,300126.SZ,锐奇股份,轻工机械,1.0,-2.878,-5.684,111870.2989
2367,600280.SH,中央商场,百货,2.0,-1.926,-5.682,476558.9719
809,002348.SZ,高乐股份,文教休闲,1.0,-2.824,-5.679,283860.5821
1432,300044.SZ,赛为智能,软件服务,1.0,-2.871,-5.66,398425.1213
217,000659.SZ,珠海中富,广告包装,1.0,-2.869,-5.656,471852.8248
3364,603538.SH,美诺华,化学制药,1.0,-2.835,-5.621,171226.44
1841,300457.SZ,赢合科技,专用机械,4.0,-1.131,-5.615,513459.8144
2051,300674.SZ,宇信科技,软件服务,1.0,-2.826,-5.599,120070.01
1077,002617.SZ,露笑科技,电气设备,1.0,-2.835,-5.594,423878.8992
468,002006.SZ,精功科技,专用机械,1.0,-2.804,-5.537,256255.08
1968,300588.SZ,熙菱信息,软件服务,1.0,-2.778,-5.482,101707.38
1060,002600.SZ,领益智造,元器件,1.0,-2.709,-5.418,623426.3382
3495,603816.SH,顾家家居,家居用品,2.0,-1.831,-5.395,442203.3
973,002512.SZ,达华智能,元器件,1.0,-2.723,-5.379,419546.1269
3451,603711.SH,香飘飘,软饮料,2.0,-1.822,-5.369,95465.9811
103,000504.SZ,南华生物,环境保护,2.0,-1.802,-5.338,413195.3573
3143,603015.SH,弘讯科技,电气设备,1.0,-2.68,-5.315,272086.977
3462,603728.SH,鸣志电器,电气设备,1.0,-2.684,-5.298,251336.8
2430,600355.SH,精伦电子,元器件,1.0,-2.653,-5.251,204217.018
1712,300326.SZ,凯利泰,医疗保健,2.0,-1.773,-5.241,594426.4555
2872,600875.SH,东方电气,电气设备,2.0,-1.776,-5.236,1843139.0397
793,002332.SZ,仙琚制药,生物制药,2.0,-1.727,-5.11,587589.3992
651,002189.SZ,利达光电,元器件,2.0,-1.728,-5.109,299569.6528
3358,603520.SH,司太立,化学制药,1.0,-2.587,-5.108,164534.25
2846,600847.SH,万里股份,电气设备,2.0,-1.728,-5.096,188390.2146
3295,603326.SH,我乐家居,家居用品,2.0,-1.726,-5.093,71961.6352
1183,002726.SZ,龙大肉食,食品,2.0,-1.696,-5.046,621144.4802
1075,002615.SZ,哈尔斯,家居用品,2.0,-1.706,-5.034,130061.17
3300,603332.SH,苏州龙杰,化纤,1.0,-2.539,-5.028,112903.795
1670,300284.SZ,苏交科,建筑施工,1.0,-2.545,-5.027,565385.3799
3444,603700.SH,宁波水表,电器仪表,1.0,-2.515,-5.013,117035.46
1460,300073.SZ,当升科技,矿物制品,4.0,-0.989,-4.95,1032811.9232
903,002442.SZ,龙星化工,化工原料,2.0,-1.676,-4.949,359184.6353
1337,002891.SZ,中宠股份,饲料,2.0,-1.667,-4.941,194799.0184
2511,600469.SH,风神股份,汽车配件,1.0,-2.474,-4.889,240712.859
1975,300596.SZ,利安隆,化工原料,2.0,-1.634,-4.823,348086.6537
3431,603678.SH,火炬电子,元器件,1.0,-2.435,-4.811,830531.748
1462,300075.SZ,数字政通,软件服务,1.0,-2.412,-4.766,330803.9631
1348,002903.SZ,宇环数控,机床制造,2.0,-1.603,-4.733,115566.0
1929,300547.SZ,川环科技,橡胶,2.0,-1.586,-4.732,142369.9414
2063,300686.SZ,智动力,元器件,1.0,-2.393,-4.729,97584.0441
525,002063.SZ,远光软件,软件服务,1.0,-2.39,-4.724,552806.2669
1820,300436.SZ,广生堂,化学制药,2.0,-1.597,-4.719,274573.4117
444,000981.SZ,银亿股份,汽车配件,1.0,-2.384,-4.717,780017.6268
378,000895.SZ,双汇发展,食品,4.0,-0.946,-4.695,8102401.937
1335,002889.SZ,东方嘉盛,仓储物流,1.0,-2.348,-4.653,93004.8225
2126,300755.SZ,华致酒行,其他商业,1.0,-2.341,-4.639,168977.019
473,002011.SZ,盾安环境,工程机械,1.0,-2.34,-4.63,433163.9044
968,002507.SZ,涪陵榨菜,食品,2.0,-1.557,-4.607,1873013.1391
118,000524.SZ,岭南控股,酒店餐饮,1.0,-2.323,-4.593,198012.9304
1442,300054.SZ,鼎龙股份,化工原料,1.0,-2.31,-4.567,543230.9856
2079,300702.SZ,天宇股份,化学制药,2.0,-1.53,-4.564,136596.3345
2285,600185.SH,格力地产,区域地产,1.0,-2.302,-4.555,949716.3093
145,000555.SZ,神州信息,软件服务,1.0,-2.303,-4.554,999423.4198
953,002492.SZ,恒基达鑫,仓储物流,1.0,-2.302,-4.553,233703.3326
3236,603185.SH,上机数控,机床制造,1.0,-2.301,-4.552,170415.0
3022,601333.SH,广深铁路,铁路,1.0,-2.28,-4.521,2029153.083
1397,300009.SZ,安科生物,生物制药,2.0,-1.525,-4.507,924392.3434
1346,002901.SZ,大博医疗,医疗保健,2.0,-1.521,-4.495,126944.5692
1313,002866.SZ,传艺科技,电脑设备,2.0,-1.512,-4.473,96427.9664
2474,600406.SH,国电南瑞,软件服务,2.0,-1.492,-4.428,4904707.4466
3025,601360.SH,三六零,互联网,1.0,-2.234,-4.421,901604.1456
2843,600844.SH,丹化科技,化工原料,1.0,-2.235,-4.42,284664.7994
1381,002940.SZ,昂利康,化学制药,2.0,-1.494,-4.419,87592.5
3136,603007.SH,花王股份,建筑施工,2.0,-1.478,-4.397,181728.47
3088,601860.SH,紫金银行,银行,1.0,-2.217,-4.394,199152.3556
2939,600997.SH,开滦股份,煤炭开采,2.0,-1.465,-4.348,760538.24
1424,300036.SZ,超图软件,软件服务,1.0,-2.16,-4.274,521046.6822
1637,300251.SZ,光线传媒,影视音像,1.0,-2.154,-4.265,2223665.1862
170,000591.SZ,太阳能,新型电力,1.0,-2.149,-4.255,733355.6144
671,002209.SZ,达意隆,轻工机械,1.0,-2.123,-4.241,107622.8391
2508,600466.SH,蓝光发展,区域地产,5.0,-0.698,-4.237,1686021.0398
3503,603828.SH,柯利达,装修装饰,3.0,-1.064,-4.233,352544.4
60,000100.SZ,TCL集团,家用电器,2.0,-1.423,-4.23,4053726.2752
1821,300437.SZ,清水源,化工原料,2.0,-1.415,-4.221,183552.2596
1041,002581.SZ,未名医药,生物制药,1.0,-2.133,-4.221,263719.6463
1904,300520.SZ,科大国创,软件服务,1.0,-2.126,-4.208,198390.0976
9,000011.SZ,深物业A,区域地产,1.0,-2.124,-4.207,176214.3513
1459,300072.SZ,三聚环保,环境保护,1.0,-2.126,-4.207,1890752.7892
16,000020.SZ,深华发A,元器件,1.0,-2.122,-4.204,210514.1843
2010,300632.SZ,光莆股份,半导体,1.0,-2.115,-4.198,80480.6582
3015,601298.SH,青岛港,港口,1.0,-2.119,-4.196,311247.56
2133,600004.SH,白云机场,机场,1.0,-2.115,-4.186,2510085.7835
1835,300451.SZ,创业慧康,软件服务,1.0,-2.114,-4.184,651075.0873
1251,002799.SZ,环球印务,广告包装,2.0,-1.408,-4.17,97170.0
3309,603351.SH,威尔药业,化学制药,1.0,-2.106,-4.169,100000.2
3280,603303.SH,得邦照明,家用电器,2.0,-1.407,-4.164,129132.0
787,002326.SZ,永太科技,化工原料,2.0,-1.396,-4.148,460374.6004
1652,300266.SZ,兴源环境,环境保护,1.0,-2.087,-4.132,508776.0177
57,000090.SZ,天健集团,建筑施工,1.0,-2.084,-4.124,801986.0368
96,000429.SZ,粤高速A,路桥,1.0,-2.079,-4.117,414936.6954
496,002034.SZ,旺能环境,环境保护,1.0,-2.072,-4.103,300678.7376
1316,002869.SZ,金溢科技,通信设备,1.0,-2.065,-4.1,78681.3552
1484,300097.SZ,智云股份,电器仪表,1.0,-2.04,-4.08,289444.3562
3320,603368.SH,柳药股份,医药商业,2.0,-1.362,-4.077,713229.1831
396,000918.SZ,嘉凯城,全国地产,2.0,-1.365,-4.04,1199787.3475
3171,603050.SH,科林电气,电气设备,1.0,-2.038,-4.036,103123.818
1042,002582.SZ,好想你,食品,2.0,-1.356,-4.017,231046.0058
1688,300302.SZ,同有科技,软件服务,1.0,-2.017,-3.995,207430.0479
1639,300253.SZ,卫宁健康,软件服务,1.0,-2.016,-3.993,1478973.2715
3005,601222.SH,林洋能源,电器仪表,1.0,-2.009,-3.978,928650.2498
3362,603535.SH,嘉诚国际,仓储物流,1.0,-2.006,-3.977,130838.4
2882,600886.SH,国投电力,水力发电,5.0,-0.668,-3.967,5584897.2146
2357,600268.SH,国电南自,电气设备,1.0,-1.979,-3.922,311270.7527
1755,300370.SZ,安控科技,电器仪表,1.0,-1.961,-3.883,212046.071
161,000576.SZ,广东甘化,造纸,1.0,-1.946,-3.856,314928.9578
317,000799.SZ,酒鬼酒,白酒,2.0,-1.298,-3.856,583247.5191
2209,600098.SH,广州发展,火力发电,1.0,-1.933,-3.84,1638444.1314
3355,603517.SH,绝味食品,食品,1.0,-1.933,-3.838,627471.2992
1794,300410.SZ,正业科技,电器仪表,1.0,-1.929,-3.825,390031.251
1417,300029.SZ,天龙光电,专用机械,1.0,-1.924,-3.824,100600.0
2356,600267.SH,海正药业,化学制药,1.0,-1.927,-3.817,851599.0846
2634,600612.SH,老凤祥,服饰,4.0,-0.76,-3.816,1350887.0238
636,002174.SZ,游族网络,互联网,1.0,-1.908,-3.81,1183688.2375
1955,300575.SZ,中旗股份,农药化肥,1.0,-1.798,-3.807,176425.9583
916,002455.SZ,百川股份,化工原料,1.0,-1.918,-3.8,194254.9381
174,000596.SZ,古井贡酒,白酒,1.0,-1.912,-3.788,2854751.2
2152,600027.SH,华电国际,火力发电,2.0,-1.27,-3.786,3022160.9989
2304,600207.SH,安彩高科,元器件,3.0,-0.95,-3.785,333270.0
1250,002798.SZ,帝欧家居,家居用品,1.0,-1.901,-3.767,249244.3594
198,000626.SZ,远大控股,商贸代理,2.0,-1.249,-3.733,292117.59
2869,600872.SH,中炬高新,食品,1.0,-1.88,-3.725,2429743.4417
1556,300169.SZ,天晟新材,塑料,3.0,-0.936,-3.724,133141.369
1141,002681.SZ,奋达科技,家用电器,1.0,-1.875,-3.72,486142.0001
3105,601908.SH,京运通,电气设备,1.0,-1.852,-3.713,775283.8857
1084,002624.SZ,完美世界,影视音像,1.0,-1.871,-3.713,1352638.5408
2127,300756.SZ,中山金马,专用机械,1.0,-1.856,-3.683,89700.0
2038,300661.SZ,圣邦股份,元器件,1.0,-1.855,-3.677,337647.2979
2468,600398.SH,海澜之家,服饰,2.0,-1.237,-3.669,4128844.5322
3558,603938.SH,三孚股份,化工原料,2.0,-1.229,-3.653,96443.7534
91,000422.SZ,*ST宜化,农药化肥,2.0,-1.218,-3.641,308847.6665
2266,600163.SH,中闽能源,新型电力,1.0,-1.835,-3.636,370801.6003
3396,603608.SH,天创时尚,服饰,2.0,-1.224,-3.635,132932.3842
2182,600069.SH,银鸽投资,造纸,2.0,-1.207,-3.606,477407.1501
3381,603587.SH,地素时尚,服饰,2.0,-1.214,-3.6,140483.0
1121,002661.SZ,克明面业,食品,2.0,-1.213,-3.6,429489.8151
1378,002937.SZ,兴瑞科技,元器件,1.0,-1.815,-3.598,126960.0
2854,600857.SH,宁波中百,百货,1.0,-1.803,-3.591,198747.4482
3146,603018.SH,中设集团,建筑施工,2.0,-1.207,-3.581,532202.3266
1758,300374.SZ,恒通科技,其他建材,2.0,-1.206,-3.579,159647.4228
829,002368.SZ,太极股份,软件服务,1.0,-1.803,-3.574,1037195.2643
3357,603519.SH,立霸股份,家用电器,1.0,-1.796,-3.56,192421.8638
1243,002790.SZ,瑞尔特,家居用品,1.0,-1.796,-3.559,72832.0
1208,002752.SZ,昇兴股份,广告包装,2.0,-1.192,-3.542,120529.5766
707,002245.SZ,澳洋顺昌,仓储物流,1.0,-1.78,-3.532,399594.954
1144,002684.SZ,猛狮科技,电气设备,1.0,-1.773,-3.519,256676.409
650,002188.SZ,*ST巴士,广告包装,1.0,-1.772,-3.514,78720.7238
570,002108.SZ,沧州明珠,塑料,1.0,-1.76,-3.498,665006.4493
3199,603105.SH,芯能科技,电气设备,1.0,-1.763,-3.497,133584.0
1228,002774.SZ,快意电梯,运输设备,2.0,-1.169,-3.486,81089.2146
1949,300568.SZ,星源材质,化工原料,1.0,-1.753,-3.48,339149.0793
2585,600559.SH,老白干酒,白酒,2.0,-1.17,-3.469,870250.3394
678,002216.SZ,三全食品,食品,1.0,-1.732,-3.439,418122.1387
3338,603444.SH,吉比特,互联网,1.0,-1.706,-3.429,620414.3266
2211,600100.SH,同方股份,电脑设备,2.0,-1.154,-3.424,2842379.094
935,002474.SZ,榕基软件,软件服务,1.0,-1.725,-3.421,344075.9102
3296,603328.SH,依顿电子,元器件,2.0,-1.147,-3.42,1064809.7459
779,002318.SZ,久立特材,特种钢,1.0,-1.722,-3.415,580285.8365
1516,300129.SZ,泰胜风能,电气设备,1.0,-1.721,-3.412,197082.7312
667,002205.SZ,国统股份,其他建材,2.0,-1.138,-3.404,168071.97
581,002119.SZ,康强电子,半导体,1.0,-1.716,-3.403,272800.675
1384,002943.SZ,宇晶股份,机床制造,1.0,-1.696,-3.382,100700.0
3504,603829.SH,洛凯股份,电气设备,1.0,-1.695,-3.362,72834.4
3051,601607.SH,上海医药,医药商业,2.0,-1.131,-3.357,3376673.8916
3321,603369.SH,今世缘,白酒,1.0,-1.689,-3.351,2315807.0
205,000633.SZ,合金投资,综合类,1.0,-1.687,-3.346,189087.2291
925,002464.SZ,众应互联,互联网,2.0,-1.118,-3.345,245526.3724
1743,300357.SZ,我武生物,生物制药,1.0,-1.678,-3.337,1000715.2968
1282,002832.SZ,比音勒芬,服饰,1.0,-1.668,-3.335,288501.7916
3419,603658.SH,安图生物,医疗保健,1.0,-1.68,-3.333,752323.278
880,002419.SZ,天虹股份,百货,2.0,-1.118,-3.32,1467472.7884
3554,603929.SH,亚翔集成,装修装饰,1.0,-1.672,-3.318,157585.92
2940,600998.SH,九州通,医药商业,2.0,-1.114,-3.31,2473459.0979
675,002213.SZ,特尔佳,汽车配件,1.0,-1.662,-3.307,195728.7378
1866,300482.SZ,万孚生物,生物制药,1.0,-1.661,-3.296,645953.2727
486,002024.SZ,苏宁易购,电器连锁,2.0,-1.109,-3.293,6524971.3918
2241,600132.SH,重庆啤酒,啤酒,2.0,-1.105,-3.291,1592749.2126
1861,300477.SZ,合纵科技,电气设备,2.0,-1.097,-3.284,289427.7909
1615,300229.SZ,拓尔思,软件服务,1.0,-1.651,-3.275,439930.2225
2765,600756.SH,浪潮软件,软件服务,1.0,-1.644,-3.26,586618.7429
872,002411.SZ,延安必康,化学制药,1.0,-1.643,-3.259,2379118.6332
1676,300290.SZ,荣科科技,软件服务,1.0,-1.641,-3.256,228685.697
4,000006.SZ,深振业A,区域地产,1.0,-1.638,-3.253,761794.0042
945,002484.SZ,江海股份,元器件,1.0,-1.629,-3.253,522334.6362
3318,603366.SH,日出东方,家用电器,1.0,-1.634,-3.241,334400.0
1908,300525.SZ,博思软件,软件服务,1.0,-1.614,-3.223,209573.2672
252,000703.SZ,恒逸石化,化纤,4.0,-0.646,-3.221,3005693.3911
538,002076.SZ,雪莱特,家用电器,1.0,-1.62,-3.216,147418.5501
155,000567.SZ,海德股份,多元金融,1.0,-1.595,-3.175,183438.0288
2388,600305.SH,恒顺醋业,食品,2.0,-1.065,-3.169,909712.4634
2637,600615.SH,丰华股份,小金属,2.0,-1.065,-3.166,195129.4883
3505,603833.SH,欧派家居,家居用品,1.0,-1.593,-3.162,834960.3163
2130,300760.SZ,迈瑞医疗,医疗保健,1.0,-1.588,-3.159,1364352.0
1125,002665.SZ,首航节能,电气设备,1.0,-1.59,-3.158,622781.1561
1100,002640.SZ,跨境通,服饰,1.0,-1.583,-3.154,1158583.354
3244,603198.SH,迎驾贡酒,白酒,1.0,-1.582,-3.143,1208000.0
1671,300285.SZ,国瓷材料,陶瓷,1.0,-1.581,-3.139,718890.5156
3539,603900.SH,莱绅通灵,服饰,1.0,-1.578,-3.135,105206.4166
3417,603656.SH,泰禾光电,专用机械,1.0,-1.578,-3.133,99873.1889
10,000012.SZ,南玻A,玻璃,1.0,-1.572,-3.125,825422.6141
972,002511.SZ,中顺洁柔,造纸,1.0,-1.558,-3.106,980838.7072
1045,002585.SZ,双星新材,塑料,2.0,-1.042,-3.1,506202.1739
1240,002787.SZ,华源控股,广告包装,1.0,-1.561,-3.1,111615.3369
1750,300365.SZ,恒华科技,软件服务,1.0,-1.561,-3.099,464691.5385
2410,600329.SH,中新药业,中成药,2.0,-1.042,-3.094,779766.2087
1212,002757.SZ,南兴装备,家居用品,2.0,-1.037,-3.09,286245.8663
690,002228.SZ,合兴包装,广告包装,2.0,-1.035,-3.089,585052.2545
1832,300448.SZ,浩云科技,软件服务,1.0,-1.545,-3.067,253144.0477
1836,300452.SZ,山河药辅,化学制药,2.0,-1.03,-3.061,163482.7534
2865,600868.SH,梅雁吉祥,水力发电,1.0,-1.539,-3.058,601713.1312
500,002038.SZ,双鹭药业,生物制药,1.0,-1.534,-3.057,1384521.2235
2586,600560.SH,金自天正,电气设备,1.0,-1.538,-3.053,198820.8495
2926,600981.SH,汇鸿集团,商贸代理,2.0,-1.025,-3.052,301841.9508
2603,600579.SH,天华院,化工机械,1.0,-1.532,-3.041,353557.6167
2300,600201.SH,生物股份,生物制药,1.0,-1.529,-3.036,1834645.3526
1085,002625.SZ,光启技术,汽车配件,1.0,-1.524,-3.025,451788.5058
1773,300389.SZ,艾比森,半导体,1.0,-1.523,-3.023,279114.3198
1184,002727.SZ,一心堂,医药商业,1.0,-1.52,-3.022,633961.2701
3584,603998.SH,方盛制药,中成药,1.0,-1.518,-3.02,232157.4091
131,000539.SZ,粤电力A,火力发电,1.0,-1.516,-3.009,1070087.0498
3424,603665.SH,康隆达,纺织,2.0,-1.011,-3.006,89002.7516
2840,600839.SH,四川长虹,家用电器,2.0,-1.006,-2.996,1195101.2525
1879,300495.SZ,美尚生态,环境保护,1.0,-1.509,-2.996,400850.4849
1711,300325.SZ,德威新材,塑料,1.0,-1.506,-2.992,309165.2445
1533,300146.SZ,汤臣倍健,食品,1.0,-1.504,-2.989,1741248.2993
2957,601019.SH,山东出版,出版业,2.0,-1.006,-2.989,360303.6
3413,603639.SH,海利尔,农药化肥,2.0,-1.006,-2.988,155147.7994
2748,600738.SH,兰州民百,百货,2.0,-1.001,-2.987,342061.7826
1479,300092.SZ,科新机电,专用机械,1.0,-1.5,-2.987,114150.3965
914,002453.SZ,华软科技,化工原料,1.0,-1.504,-2.985,288454.3074
1466,300079.SZ,数码科技,通信设备,2.0,-1.003,-2.985,471544.7942
2573,600545.SH,卓郎智能,纺织机械,2.0,-0.997,-2.976,506839.3335
1076,002616.SZ,长青集团,环境保护,1.0,-1.482,-2.957,331691.8858
1230,002776.SZ,柏堡龙,服饰,2.0,-0.988,-2.941,373351.0521
1194,002737.SZ,葵花药业,中成药,1.0,-1.472,-2.921,824262.0999
2607,600583.SH,海油工程,石油开采,1.0,-1.468,-2.921,2498065.462
1680,300294.SZ,博雅生物,生物制药,1.0,-1.469,-2.916,1148284.0265
1168,002709.SZ,天赐材料,化工原料,1.0,-1.459,-2.905,951135.998
1684,300298.SZ,三诺生物,医疗保健,1.0,-1.463,-2.904,475067.8343
3188,603085.SH,天成自控,汽车配件,1.0,-1.455,-2.899,118579.9653
786,002325.SZ,洪涛股份,装修装饰,1.0,-1.46,-2.899,308378.6793
1944,300562.SZ,乐心医疗,医疗保健,1.0,-1.454,-2.888,91548.9551
1760,300376.SZ,易事特,电气设备,1.0,-1.453,-2.887,1083026.5756
2092,300717.SZ,华信新材,塑料,1.0,-1.45,-2.88,63064.064
12,000016.SZ,深康佳A,家用电器,1.0,-1.436,-2.872,593925.6396
755,002294.SZ,信立泰,化学制药,1.0,-1.443,-2.866,2268808.704
1252,002800.SZ,天顺股份,仓储物流,2.0,-0.96,-2.865,61777.1067
2246,600138.SH,中青旅,旅游服务,2.0,-0.959,-2.861,1032195.84
1394,300006.SZ,莱美药业,化学制药,1.0,-1.436,-2.85,274582.0105
14,000018.SZ,神州长城,装修装饰,1.0,-1.421,-2.823,239935.9158
3264,603259.SH,药明康德,化学制药,1.0,-1.419,-2.822,857658.3144
3429,603676.SH,卫信康,化学制药,1.0,-1.419,-2.821,75792.9658
213,000652.SZ,泰达股份,批发业,1.0,-1.417,-2.817,508573.361
2950,601009.SH,南京银行,银行,1.0,-1.41,-2.805,5878170.0913
1957,300577.SZ,开润股份,纺织,1.0,-1.411,-2.803,215722.0395
1932,300550.SZ,和仁科技,软件服务,1.0,-1.407,-2.802,146232.92
2886,600890.SH,中房股份,区域地产,1.0,-1.407,-2.795,443084.1176
3004,601218.SH,吉鑫科技,机械基件,1.0,-1.401,-2.788,276701.04
3383,603589.SH,口子窖,白酒,1.0,-1.393,-2.787,2595600.0
465,002003.SZ,伟星股份,服饰,1.0,-1.401,-2.785,461623.8875
1364,002921.SZ,联诚精密,汽车配件,1.0,-1.4,-2.78,118169.6
3267,603268.SH,松发股份,陶瓷,1.0,-1.397,-2.778,221641.308
2598,600573.SH,惠泉啤酒,啤酒,2.0,-0.922,-2.743,177250.0
1203,002747.SZ,埃斯顿,机械基件,1.0,-1.381,-2.743,669713.3023
3423,603663.SH,三祥新材,矿物制品,1.0,-1.372,-2.737,90675.6312
364,000877.SZ,天山股份,水泥,2.0,-0.909,-2.725,722557.5016
2169,600055.SH,万东医疗,医疗保健,1.0,-1.358,-2.717,600305.9809
3382,603588.SH,高能环境,环境保护,1.0,-1.366,-2.714,586321.8332
2623,600600.SH,青岛啤酒,啤酒,2.0,-0.908,-2.714,2644471.7446
1531,300144.SZ,宋城演艺,旅游景点,1.0,-1.36,-2.704,2469331.9679
2372,600285.SH,羚锐制药,中成药,1.0,-1.361,-2.703,419413.8279
1911,300528.SZ,幸福蓝海,影视音像,2.0,-0.9,-2.678,138620.1144
1333,002887.SZ,绿茵生态,环境保护,1.0,-1.344,-2.674,101007.4512
2552,600519.SH,贵州茅台,白酒,2.0,-0.897,-2.669,90477646.545
2226,600116.SH,三峡水利,水力发电,2.0,-0.894,-2.66,799369.4291
3155,603028.SH,赛福天,钢加工,1.0,-1.337,-2.657,93148.3424
795,002334.SZ,英威腾,电气设备,1.0,-1.335,-2.652,297581.9325
3073,601766.SH,中国中车,运输设备,2.0,-0.891,-2.652,20190486.9101
41,000055.SZ,方大集团,其他建材,1.0,-1.328,-2.64,400187.5034
1158,002698.SZ,博实股份,化工机械,1.0,-1.314,-2.634,563485.7124
215,000656.SZ,金科股份,区域地产,2.0,-0.876,-2.619,3132241.7948
2754,600744.SH,华银电力,火力发电,1.0,-1.315,-2.614,246635.0518
1074,002614.SZ,奥佳华,医疗保健,1.0,-1.308,-2.607,560175.9054
3471,603766.SH,隆鑫通用,摩托车,1.0,-1.311,-2.605,988599.8889
3046,601598.SH,中国外运,仓储物流,1.0,-1.31,-2.603,606885.1167
2566,600535.SH,天士力,中成药,1.0,-1.31,-2.603,2886167.1649
1725,300339.SZ,润和软件,软件服务,1.0,-1.302,-2.587,698648.5896
3108,601928.SH,凤凰传媒,出版业,1.0,-1.294,-2.574,2023195.5
367,000881.SZ,中广核技,综合类,1.0,-1.287,-2.573,244903.248
154,000566.SZ,海南海药,化学制药,1.0,-1.292,-2.568,669639.6643
1006,002546.SZ,新联电子,电气设备,1.0,-1.289,-2.564,326089.176
1288,002839.SZ,张家港行,银行,1.0,-1.29,-2.564,518887.8653
2916,600969.SH,郴电国际,水力发电,2.0,-0.86,-2.56,239422.6631
29,000036.SZ,华联控股,全国地产,1.0,-1.269,-2.552,694305.8553
3161,603035.SH,常熟汽饰,汽车配件,1.0,-1.28,-2.548,217334.6107
2413,600332.SH,白云山,中成药,1.0,-1.28,-2.548,3810184.5923
3294,603323.SH,吴江银行,银行,1.0,-1.281,-2.546,418173.3582
32,000039.SZ,中集集团,轻工机械,1.0,-1.278,-2.542,1603434.0533
3517,603868.SH,飞科电器,家用电器,1.0,-1.275,-2.541,180634.8
2119,300747.SZ,锐科激光,元器件,1.0,-1.277,-2.539,442208.0
3427,603668.SH,天马科技,饲料,1.0,-1.264,-2.515,151386.2768
2256,600152.SH,维科技术,电气设备,1.0,-1.263,-2.511,194661.8454
457,000999.SZ,华润三九,中成药,1.0,-1.262,-2.509,2318796.88
3262,603239.SH,浙江仙通,汽车配件,2.0,-0.842,-2.507,95256.0
76,000403.SZ,振兴生化,生物制药,1.0,-1.257,-2.498,693729.8825
2406,600325.SH,华发股份,区域地产,1.0,-1.241,-2.479,1489831.7381
497,002035.SZ,华帝股份,家用电器,1.0,-1.24,-2.464,805577.8852
3198,603103.SH,横店影视,影视音像,1.0,-1.233,-2.458,117766.0
109,000513.SZ,丽珠集团,中成药,1.0,-1.225,-2.439,1319766.0797
1132,002672.SZ,东江环保,环境保护,1.0,-1.224,-2.435,736594.9209
2894,600898.SH,国美通讯,通信设备,1.0,-1.21,-2.434,222726.0092
923,002462.SZ,嘉事堂,医药商业,1.0,-1.223,-2.431,380209.6999
2520,600482.SH,中国动力,电气设备,1.0,-1.215,-2.429,2076257.4546
163,000582.SZ,北部湾港,港口,1.0,-1.221,-2.427,201065.8482
2176,600062.SH,华润双鹤,化学制药,1.0,-1.219,-2.425,993653.2944
2223,600113.SH,浙江东日,区域地产,1.0,-1.218,-2.424,243729.0
2382,600298.SH,安琪酵母,食品,2.0,-0.814,-2.422,2158267.9897
2059,300682.SZ,朗新科技,软件服务,1.0,-1.215,-2.42,271443.4609
2810,600807.SH,*ST天业,区域地产,1.0,-1.214,-2.415,317955.4595
3019,601326.SH,秦港股份,港口,1.0,-1.21,-2.41,535651.3139
1795,300411.SZ,金盾股份,专用机械,1.0,-1.206,-2.41,148721.3355
3449,603708.SH,家家悦,超市连锁,1.0,-1.208,-2.403,356951.8243
1806,300422.SZ,博世科,环境保护,1.0,-1.205,-2.397,269313.7375
288,000756.SZ,新华制药,化学制药,2.0,-0.802,-2.388,261269.7797
2501,600456.SH,宝钛股份,小金属,1.0,-1.181,-2.387,791688.888
168,000589.SZ,黔轮胎A,汽车配件,1.0,-1.187,-2.381,286125.2775
2050,300673.SZ,佩蒂股份,饲料,1.0,-1.193,-2.373,162914.796
2397,600315.SH,上海家化,日用化工,1.0,-1.186,-2.359,1945278.04
17,000021.SZ,深科技,电脑设备,1.0,-1.184,-2.355,1035875.5801
2922,600977.SH,中国电影,影视音像,3.0,-0.584,-2.343,871230.0
1175,002717.SZ,岭南股份,环境保护,1.0,-1.176,-2.34,442215.7958
1623,300237.SZ,美晨生态,建筑施工,1.0,-1.175,-2.337,604302.3856
3200,603106.SH,恒银金融,电脑设备,1.0,-1.174,-2.336,141690.45
892,002431.SZ,棕榈股份,建筑施工,1.0,-1.17,-2.331,555238.7651
354,000858.SZ,五粮液,白酒,1.0,-1.169,-2.325,25830221.097
2866,600869.SH,智慧能源,电气设备,1.0,-1.164,-2.321,1120773.1367
3393,603605.SH,珀莱雅,日用化工,1.0,-1.166,-2.319,290279.165
1116,002656.SZ,摩登大道,服饰,1.0,-1.161,-2.309,259440.8669
1271,002821.SZ,凯莱英,生物制药,1.0,-1.161,-2.309,956984.4514
1218,002763.SZ,汇洁股份,服饰,1.0,-1.156,-2.307,153913.5028
867,002406.SZ,远东传动,汽车配件,1.0,-1.154,-2.295,247758.2597
3234,603181.SH,皇马科技,化工原料,1.0,-1.151,-2.293,185625.0
2994,601179.SH,中国西电,电气设备,2.0,-0.768,-2.29,1968338.8232
2870,600873.SH,梅花生物,食品,1.0,-1.146,-2.287,1444635.1169
724,002263.SZ,*ST东南,塑料,2.0,-0.754,-2.273,323077.9372
2588,600562.SH,国睿科技,通信设备,1.0,-1.141,-2.27,880631.2312
1823,300439.SZ,美康生物,医疗保健,1.0,-1.14,-2.267,293505.6434
649,002187.SZ,广百股份,百货,1.0,-1.133,-2.255,296880.3665
2629,600606.SH,绿地控股,全国地产,4.0,-0.443,-2.249,7933636.659
1950,300569.SZ,天能重工,专用机械,1.0,-1.13,-2.247,147192.255
1356,002912.SZ,中新赛克,软件服务,1.0,-1.122,-2.235,489699.0
199,000627.SZ,天茂集团,保险,1.0,-1.106,-2.215,3053304.2353
843,002382.SZ,蓝帆医疗,医疗保健,1.0,-1.113,-2.213,708240.8342
2685,600673.SH,东阳光科,铝,2.0,-0.743,-2.212,2173690.8112
2945,601003.SH,柳钢股份,普钢,1.0,-1.099,-2.198,1824708.7584
2712,600701.SH,*ST工新,综合类,1.0,-1.086,-2.183,173796.7914
504,002042.SZ,华孚时尚,纺织,1.0,-1.094,-2.178,886345.5921
3119,601975.SH,ST长油,水运,1.0,-1.093,-2.174,427174.1903
1974,300595.SZ,欧普康视,医疗保健,1.0,-1.089,-2.171,558861.5517
2423,600346.SH,恒力股份,化纤,2.0,-0.725,-2.162,1289860.8762
3370,603566.SH,普莱柯,生物制药,1.0,-1.054,-2.161,422124.248
641,002179.SZ,中航光电,元器件,1.0,-1.08,-2.153,3057898.5868
2374,600288.SH,大恒科技,软件服务,1.0,-1.078,-2.152,337646.4
2523,600486.SH,扬农化工,农药化肥,1.0,-1.074,-2.147,1412209.3192
2988,601162.SH,天风证券,证券,1.0,-1.072,-2.138,403004.0
1211,002756.SZ,永兴特钢,特种钢,3.0,-0.526,-2.132,271685.8047
642,002180.SZ,纳思达,电脑设备,1.0,-1.058,-2.128,2524916.7442
1373,002931.SZ,锋龙股份,汽车配件,1.0,-1.067,-2.122,71726.16
3062,601668.SH,中国建筑,建筑施工,2.0,-0.709,-2.121,24684645.0264
680,002218.SZ,拓日新能,半导体,1.0,-1.051,-2.108,395108.1319
2041,300664.SZ,鹏鹞环保,环境保护,1.0,-1.055,-2.099,344255.7294
620,002158.SZ,汉钟精机,工程机械,1.0,-1.046,-2.083,472519.8313
2694,600682.SH,南京新百,百货,1.0,-1.045,-2.081,1037170.1373
1675,300289.SZ,利德曼,生物制药,1.0,-1.045,-2.08,294606.0764
1388,002948.SZ,青岛银行,银行,1.0,-1.043,-2.077,276448.7484
8,000010.SZ,美丽生态,建筑施工,1.0,-1.041,-2.071,172838.7162
113,000518.SZ,四环生物,生物制药,1.0,-1.011,-2.069,438582.2052
1047,002587.SZ,奥拓电子,元器件,1.0,-1.035,-2.06,208793.1505
1032,002572.SZ,索菲亚,家居用品,1.0,-1.027,-2.049,1159420.1322
2982,601128.SH,常熟银行,银行,1.0,-1.024,-2.038,698043.1214
3534,603895.SH,天永智能,专用机械,1.0,-1.023,-2.037,77232.149
1412,300024.SZ,机器人,专用机械,1.0,-1.023,-2.035,2258343.5617
559,002097.SZ,山河智能,工程机械,1.0,-1.018,-2.031,527816.6087
2654,600636.SH,三爱富,化工原料,1.0,-1.02,-2.03,560905.7907
3211,603127.SH,昭衍新药,医疗保健,1.0,-1.019,-2.028,326150.4842
1695,300309.SZ,吉艾科技,多元金融,1.0,-1.016,-2.023,506416.5284
3314,603359.SH,东珠生态,建筑施工,1.0,-1.016,-2.023,244414.5474
1582,300196.SZ,长海股份,玻璃,1.0,-1.015,-2.02,253482.8948
2739,600729.SH,重庆百货,百货,1.0,-1.013,-2.018,1183920.2925
1864,300480.SZ,光力科技,电器仪表,1.0,-1.009,-2.01,108083.7652
2147,600021.SH,上海电力,火力发电,5.0,-0.332,-2.009,751433.4597
1619,300233.SZ,金城医药,化学制药,1.0,-1.006,-2.007,520130.2261
218,000661.SZ,长春高新,生物制药,1.0,-1.005,-2.003,3492535.157
2308,600211.SH,西藏药业,中成药,1.0,-1.003,-1.996,443172.916
1532,300145.SZ,中金环境,专用机械,1.0,-0.992,-1.983,511746.129
2271,600169.SH,太原重工,工程机械,1.0,-0.98,-1.961,640988.75
3110,601933.SH,永辉超市,超市连锁,1.0,-0.977,-1.956,6788984.2012
1525,300138.SZ,晨光生物,食品,1.0,-0.98,-1.951,242424.2034
3044,601588.SH,北辰实业,区域地产,1.0,-0.977,-1.948,803320.0
3540,603901.SH,永创智能,专用机械,1.0,-0.978,-1.947,129720.0
3566,603968.SH,醋化股份,化工原料,1.0,-0.97,-1.938,279319.68
3117,601968.SH,宝钢包装,广告包装,1.0,-0.972,-1.935,379999.9848
2715,600704.SH,物产中大,商贸代理,2.0,-0.646,-1.931,2187794.6678
3323,603378.SH,亚士创能,染料涂料,1.0,-0.96,-1.923,98503.44
871,002410.SZ,广联达,软件服务,1.0,-0.961,-1.917,2313537.2384
2898,600908.SH,无锡银行,银行,1.0,-0.959,-1.91,461148.3099
922,002461.SZ,珠江啤酒,啤酒,1.0,-0.957,-1.908,699206.2975
2684,600671.SH,天目药业,中成药,1.0,-0.955,-1.905,213132.6533
3339,603456.SH,九洲药业,化学制药,1.0,-0.957,-1.905,577487.5247
1374,002932.SZ,明德生物,医疗保健,1.0,-0.946,-1.885,69331.7854
762,002301.SZ,齐心集团,文教休闲,1.0,-0.94,-1.88,568083.0599
3060,601636.SH,旗滨集团,玻璃,1.0,-0.936,-1.865,1098399.165
1978,300599.SZ,雄塑科技,塑料,1.0,-0.935,-1.865,100120.735
2454,600382.SH,广东明珠,商贸代理,1.0,-0.933,-1.863,288092.3838
47,000062.SZ,深圳华强,批发业,1.0,-0.934,-1.862,1339650.7425
713,002251.SZ,步步高,超市连锁,1.0,-0.932,-1.861,678033.8414
695,002233.SZ,塔牌集团,水泥,1.0,-0.925,-1.846,1359738.6426
2361,600273.SH,嘉化能源,化工原料,2.0,-0.616,-1.842,1280841.7637
3247,603203.SH,快克股份,专用机械,1.0,-0.907,-1.833,129934.1499
3473,603768.SH,常青股份,汽车配件,1.0,-0.916,-1.828,86604.375
2893,600897.SH,厦门空港,机场,1.0,-0.914,-1.82,658755.72
737,002276.SZ,万马股份,电气设备,1.0,-0.909,-1.809,617316.5237
1589,300203.SZ,聚光科技,环境保护,1.0,-0.907,-1.808,1153082.6187
1517,300130.SZ,新国都,电脑设备,1.0,-0.907,-1.806,437146.5928
1150,002690.SZ,美亚光电,专用机械,1.0,-0.901,-1.8,732383.5814
22,000028.SZ,国药一致,医药商业,1.0,-0.904,-1.8,1309759.9749
1964,300584.SZ,海辰药业,化学制药,1.0,-0.903,-1.797,111445.3472
1123,002663.SZ,普邦股份,建筑施工,1.0,-0.9,-1.792,342459.1493
2027,300650.SZ,太龙照明,电气设备,1.0,-0.9,-1.792,57328.4625
192,000617.SZ,中油资本,多元金融,1.0,-0.872,-1.792,330957.6192
997,002537.SZ,海联金汇,汽车整车,1.0,-0.897,-1.787,1247514.7792
512,002050.SZ,三花智控,机械基件,1.0,-0.89,-1.786,2660874.8095
1268,002818.SZ,富森美,房产服务,1.0,-0.897,-1.786,198113.5121
261,000715.SZ,中兴商业,百货,1.0,-0.895,-1.783,184131.8576
1759,300375.SZ,鹏翎股份,汽车配件,1.0,-0.893,-1.779,142933.4856
2517,600479.SH,千金药业,中成药,1.0,-0.885,-1.778,369960.2914
947,002486.SZ,嘉麟杰,服饰,1.0,-0.89,-1.772,317898.1
2392,600309.SH,万华化学,化工原料,1.0,-0.88,-1.767,5303492.6645
328,000813.SZ,德展健康,化学制药,2.0,-0.583,-1.766,961707.6453
70,000301.SZ,东方盛虹,综合类,1.0,-0.886,-1.765,610336.4589
75,000402.SZ,金融街,全国地产,1.0,-0.883,-1.762,2166180.6077
1151,002691.SZ,冀凯股份,专用机械,1.0,-0.878,-1.759,246179.4126
2766,600757.SH,长江传媒,出版业,1.0,-0.878,-1.749,817897.0474
3570,603977.SH,国泰集团,化工原料,1.0,-0.872,-1.738,129324.72
962,002501.SZ,利源精制,铝,1.0,-0.87,-1.736,283368.9567
3197,603101.SH,汇嘉时代,百货,1.0,-0.866,-1.724,90288.0
2321,600226.SH,瀚叶股份,农药化肥,1.0,-0.866,-1.724,567967.6667
1231,002777.SZ,久远银海,软件服务,1.0,-0.859,-1.718,421120.0
546,002084.SZ,海鸥住工,家居用品,1.0,-0.857,-1.713,228542.9088
2978,601117.SH,中国化学,建筑施工,1.0,-0.859,-1.712,2831542.0
1616,300230.SZ,永利股份,塑料,1.0,-0.859,-1.711,279197.3438
2822,600820.SH,隧道股份,建筑施工,2.0,-0.571,-1.707,2172570.401
15,000019.SZ,深深宝A,软饮料,1.0,-0.853,-1.699,312797.8863
1924,300541.SZ,先进数通,软件服务,1.0,-0.852,-1.697,109562.4842
526,002064.SZ,华峰氨纶,化纤,1.0,-0.849,-1.691,713167.2859
1563,300176.SZ,鸿特科技,汽车配件,1.0,-0.848,-1.69,1433774.5114
765,002304.SZ,洋河股份,白酒,1.0,-0.843,-1.688,13186949.2496
315,000797.SZ,中国武夷,全国地产,1.0,-0.843,-1.685,682209.664
175,000597.SZ,东北制药,化学制药,2.0,-0.559,-1.668,558113.0416
2039,300662.SZ,科锐国际,综合类,1.0,-0.833,-1.664,256963.5081
826,002365.SZ,永安药业,化学制药,1.0,-0.832,-1.659,258401.1614
2771,600763.SH,通策医疗,医疗保健,1.0,-0.832,-1.656,1808409.6
3287,603315.SH,福鞍股份,机械基件,1.0,-0.826,-1.654,274718.6753
451,000990.SZ,诚志股份,化工原料,1.0,-0.828,-1.65,485378.7955
2535,600500.SH,中化国际,商贸代理,1.0,-0.823,-1.639,1499769.1231
3163,603037.SH,凯众股份,汽车配件,1.0,-0.818,-1.632,118937.6994
3537,603898.SH,好莱客,家居用品,1.0,-0.811,-1.628,533590.4499
482,002020.SZ,京新药业,化学制药,1.0,-0.811,-1.623,534940.8669
3455,603717.SH,天域生态,环境保护,1.0,-0.81,-1.618,111336.4493
3039,601558.SH,ST锐电,电气设备,1.0,-0.81,-1.613,696278.3999
954,002493.SZ,荣盛石化,化纤,1.0,-0.804,-1.607,5847016.395
2257,600153.SH,建发股份,商贸代理,1.0,-0.805,-1.607,2256819.6219
2956,601018.SH,宁波港,港口,1.0,-0.805,-1.604,4710400.0
2497,600448.SH,华纺股份,纺织,1.0,-0.801,-1.604,284112.9836
3085,601838.SH,成都银行,银行,1.0,-0.805,-1.603,1489445.3487
521,002059.SZ,云南旅游,旅游景点,1.0,-0.799,-1.599,404859.0871
1988,300609.SZ,汇纳科技,互联网,1.0,-0.795,-1.59,169813.2618
3090,601866.SH,中远海发,水运,1.0,-0.796,-1.587,1967167.0
210,000639.SZ,西王食品,食品,1.0,-0.796,-1.587,621442.1748
379,000897.SZ,津滨发展,区域地产,1.0,-0.796,-1.587,401076.6692
2544,600510.SH,黑牡丹,全国地产,1.0,-0.792,-1.585,650246.0105
719,002258.SZ,利尔化学,农药化肥,1.0,-0.789,-1.573,851397.6248
2656,600638.SH,新黄浦,区域地产,1.0,-0.789,-1.573,589895.5845
1735,300349.SZ,金卡智能,软件服务,1.0,-0.768,-1.553,691995.4532
92,000423.SZ,东阿阿胶,中成药,1.0,-0.776,-1.547,2912325.0121
2800,600795.SH,国电电力,火力发电,1.0,-0.774,-1.544,5010851.4505
1299,002851.SZ,麦格米特,电气设备,2.0,-0.515,-1.541,291538.9863
868,002407.SZ,多氟多,化工原料,1.0,-0.757,-1.537,696275.278
1011,002551.SZ,尚荣医疗,医疗保健,1.0,-0.768,-1.533,228072.1957
2298,600199.SH,金种子酒,白酒,2.0,-0.512,-1.53,286224.126
1782,300398.SZ,飞凯材料,染料涂料,1.0,-0.764,-1.528,610064.0
2856,600859.SH,王府井,百货,1.0,-0.76,-1.521,612470.696
1017,002557.SZ,洽洽食品,食品,1.0,-0.763,-1.519,1051518.0
2432,600358.SH,国旅联合,旅游服务,1.0,-0.759,-1.511,197430.2341
2657,600639.SH,浦东金桥,园区开发,1.0,-0.757,-1.509,1054293.5117
2076,300699.SZ,光威复材,化工原料,1.0,-0.75,-1.501,950087.3141
1658,300272.SZ,开能健康,环境保护,1.0,-0.749,-1.499,192688.5924
1497,300110.SZ,华仁药业,化学制药,1.0,-0.75,-1.497,387561.2551
2665,600648.SH,外高桥,园区开发,1.0,-0.744,-1.494,1356382.6464
2757,600747.SH,ST大控,多元金融,1.0,-0.746,-1.492,140491.3487
3040,601566.SH,九牧王,服饰,1.0,-0.745,-1.488,760819.5866
1274,002824.SZ,和胜股份,铝,1.0,-0.74,-1.483,68776.8062
3047,601599.SH,鹿港文化,影视音像,1.0,-0.742,-1.479,297277.413
2841,600841.SH,上柴股份,机械基件,1.0,-0.741,-1.476,418035.9165
34,000042.SZ,中洲控股,全国地产,1.0,-0.733,-1.472,797772.466
710,002248.SZ,华东数控,机床制造,1.0,-0.735,-1.467,278823.3433
3430,603677.SH,奇精机械,机械基件,1.0,-0.725,-1.45,77589.9687
2234,600125.SH,铁龙物流,铁路,1.0,-0.723,-1.444,980446.9274
1057,002597.SZ,金禾实业,化工原料,1.0,-0.72,-1.437,950196.2731
3189,603086.SH,先达股份,农药化肥,1.0,-0.71,-1.436,179181.459
2249,600143.SH,金发科技,塑料,1.0,-0.719,-1.434,1231360.0
179,000601.SZ,韶能股份,水力发电,1.0,-0.718,-1.432,445970.6395
3353,603515.SH,欧普照明,电气设备,1.0,-0.718,-1.43,377467.4718
2506,600462.SH,ST九有,元器件,1.0,-0.703,-1.429,110492.46
2393,600310.SH,桂东电力,水力发电,1.0,-0.715,-1.425,343526.625
432,000967.SZ,盈峰环境,环境保护,1.0,-0.714,-1.424,714775.4856
940,002479.SZ,富春环保,火力发电,1.0,-0.708,-1.42,386443.3612
2450,600378.SH,天科股份,化工原料,1.0,-0.71,-1.418,289169.0731
2633,600611.SH,大众交通,公共交通,1.0,-0.708,-1.412,655029.5565
3092,601872.SH,招商轮船,水运,1.0,-0.693,-1.408,1982787.1598
31,000038.SZ,深大通,广告包装,1.0,-0.697,-1.403,240068.6111
1677,300291.SZ,华录百纳,影视音像,1.0,-0.697,-1.392,297413.9063
271,000726.SZ,鲁泰A,纺织,2.0,-0.464,-1.386,558719.8512
399,000921.SZ,海信家电,家用电器,1.0,-0.693,-1.386,834382.4351
452,000993.SZ,闽东电力,水力发电,1.0,-0.693,-1.386,185754.0
1377,002936.SZ,郑州银行,银行,1.0,-0.694,-1.383,299400.0
2576,600548.SH,深高速,路桥,1.0,-0.669,-1.376,1335807.9438
356,000860.SZ,顺鑫农业,白酒,1.0,-0.688,-1.372,2379360.2666
778,002317.SZ,众生药业,中成药,1.0,-0.687,-1.37,673000.5139
1659,300273.SZ,和佳股份,医疗保健,1.0,-0.683,-1.37,283321.6515
1122,002662.SZ,京威股份,汽车配件,1.0,-0.671,-1.37,630275.5152
2009,300631.SZ,久吾高科,环境保护,1.0,-0.685,-1.368,109916.144
93,000425.SZ,徐工机械,工程机械,1.0,-0.681,-1.366,2524676.2278
1602,300216.SZ,千山药机,医疗保健,1.0,-0.676,-1.362,101949.5793
3063,601669.SH,中国电建,建筑施工,1.0,-0.677,-1.351,5694789.1869
2054,300677.SZ,英科医疗,医疗保健,1.0,-0.672,-1.351,183018.3499
2498,600449.SH,宁夏建材,水泥,1.0,-0.675,-1.35,384457.5578
2895,600900.SH,长江电力,水力发电,4.0,-0.27,-1.348,18524565.7828
2263,600160.SH,巨化股份,化工原料,1.0,-0.666,-1.346,1948621.9018
2932,600987.SH,航民股份,纺织,1.0,-0.673,-1.341,560978.73
3319,603367.SH,辰欣药业,化学制药,1.0,-0.65,-1.331,447917.4486
3081,601808.SH,中海油服,石油开采,1.0,-0.658,-1.32,2655539.796
191,000616.SZ,海航投资,全国地产,1.0,-0.657,-1.32,427634.1131
2510,600468.SH,百利电气,电气设备,1.0,-0.653,-1.301,430701.2781
3478,603779.SH,威龙股份,红黄药酒,1.0,-0.65,-1.3,133264.2845
3368,603558.SH,健盛集团,纺织,1.0,-0.648,-1.3,329791.1706
660,002198.SZ,嘉应制药,中成药,1.0,-0.647,-1.291,248948.1592
2705,600693.SH,东百集团,百货,1.0,-0.646,-1.289,480924.7104
435,000970.SZ,中科三环,元器件,1.0,-0.633,-1.281,903289.6
3057,601619.SH,嘉泽新能,新型电力,1.0,-0.637,-1.28,272027.5315
3021,601330.SH,绿色动力,环境保护,1.0,-0.639,-1.274,144088.0
1529,300142.SZ,沃森生物,生物制药,1.0,-0.637,-1.274,2668727.6132
256,000709.SZ,河钢股份,普钢,1.0,-0.635,-1.266,3312471.1985
337,000825.SZ,太钢不锈,特种钢,1.0,-0.631,-1.266,2665762.6559
1090,002630.SZ,华西能源,专用机械,1.0,-0.613,-1.258,304714.3179
3219,603156.SH,养元饮品,软饮料,1.0,-0.631,-1.258,2079110.8009
3484,603798.SH,康普顿,石油加工,1.0,-0.622,-1.257,87193.4
2435,600361.SH,华联综超,超市连锁,1.0,-0.615,-1.253,262328.3197
3120,601985.SH,中国核电,新型电力,1.0,-0.628,-1.252,8592117.36
3367,603557.SH,起步股份,服饰,1.0,-0.626,-1.25,172932.9418
2235,600126.SH,杭钢股份,普钢,1.0,-0.626,-1.25,571208.7614
490,002028.SZ,思源电气,电气设备,1.0,-0.622,-1.247,643438.9022
2789,600782.SH,新钢股份,普钢,1.0,-0.62,-1.245,1769741.0963
2144,600018.SH,上港集团,港口,1.0,-0.618,-1.237,12954084.1294
518,002056.SZ,横店东磁,元器件,1.0,-0.615,-1.231,1054480.4001
3007,601226.SH,华电重工,专用机械,1.0,-0.612,-1.223,466620.0
3053,601611.SH,中国核建,建筑施工,1.0,-0.61,-1.22,701152.2
956,002495.SZ,佳隆股份,食品,1.0,-0.611,-1.219,220984.9948
2546,600512.SH,腾达建设,建筑施工,1.0,-0.607,-1.215,375125.4573
2448,600376.SH,首开股份,区域地产,1.0,-0.602,-1.21,1871170.3265
2867,600870.SH,*ST厦华,家用电器,1.0,-0.604,-1.209,171086.2905
2181,600068.SH,葛洲坝,建筑施工,1.0,-0.603,-1.208,3011524.4274
2985,601139.SH,深圳燃气,供气供热,1.0,-0.603,-1.203,1641440.4906
2848,600850.SH,华东电脑,软件服务,1.0,-0.597,-1.2,767883.9301
1010,002550.SZ,千红制药,生物制药,1.0,-0.598,-1.196,373248.7199
1001,002541.SZ,鸿路钢构,钢加工,1.0,-0.598,-1.194,276573.1787
727,002266.SZ,浙富控股,电气设备,1.0,-0.594,-1.19,671634.4363
3313,603358.SH,华达科技,汽车配件,1.0,-0.596,-1.189,160146.9189
614,002152.SZ,广电运通,电脑设备,1.0,-0.593,-1.182,1157498.7495
2017,300639.SZ,凯普生物,医疗保健,1.0,-0.591,-1.18,136566.9305
2279,600178.SH,东安动力,汽车配件,1.0,-0.588,-1.174,233350.4
1741,300355.SZ,蒙草生态,环境保护,1.0,-0.582,-1.171,498341.7129
2786,600779.SH,水井坊,白酒,1.0,-0.58,-1.165,1740688.322
466,002004.SZ,华邦健康,化学制药,1.0,-0.579,-1.158,863768.0993
1106,002646.SZ,青青稞酒,白酒,1.0,-0.58,-1.157,499950.0
1161,002701.SZ,奥瑞金,广告包装,1.0,-0.58,-1.156,1207269.8561
134,000543.SZ,皖能电力,火力发电,1.0,-0.577,-1.156,918473.1367
2942,601000.SH,唐山港,港口,1.0,-0.574,-1.154,1432478.421
2141,600015.SH,华夏银行,银行,1.0,-0.578,-1.154,9886291.4095
3079,601800.SH,中国交建,建筑施工,1.0,-0.571,-1.141,13227387.0886
487,002025.SZ,航天电器,元器件,1.0,-0.569,-1.141,1115136.8098
545,002083.SZ,孚日股份,纺织,1.0,-0.566,-1.13,454165.7537
2902,600926.SH,杭州银行,银行,1.0,-0.566,-1.129,1640372.222
242,000690.SZ,宝新能源,火力发电,1.0,-0.565,-1.127,1431514.4653
1772,300388.SZ,国祯环保,环境保护,1.0,-0.562,-1.124,521088.558
3579,603990.SH,麦迪科技,软件服务,1.0,-0.562,-1.123,228129.52
25,000031.SZ,中粮地产,全国地产,1.0,-0.556,-1.122,959459.3654
178,000600.SZ,建投能源,火力发电,1.0,-0.556,-1.109,680187.5346
277,000733.SZ,振华科技,元器件,1.0,-0.553,-1.103,589024.4836
2362,600275.SH,ST昌鱼,农业综合,1.0,-0.547,-1.099,137386.0543
885,002424.SZ,贵州百灵,中成药,1.0,-0.55,-1.097,656988.3762
2686,600674.SH,川投能源,水力发电,2.0,-0.365,-1.093,3983937.1344
2708,600696.SH,ST岩石,区域地产,2.0,-0.345,-1.087,185948.7903
501,002039.SZ,黔源电力,水力发电,2.0,-0.36,-1.075,421411.3424
2091,300716.SZ,国立科技,塑料,1.0,-0.536,-1.07,96869.7
1505,300118.SZ,东方日升,半导体,1.0,-0.505,-1.067,632715.1316
2264,600161.SH,天坛生物,生物制药,1.0,-0.532,-1.067,1858139.4998
3179,603067.SH,振华股份,化工原料,1.0,-0.528,-1.06,130711.812
2355,600266.SH,北京城建,区域地产,1.0,-0.528,-1.059,1317880.64
3065,601678.SH,滨化股份,化工原料,1.0,-0.527,-1.057,722779.2
2274,600172.SH,黄河旋风,矿物制品,1.0,-0.519,-1.053,430348.2996
2836,600835.SH,上海机电,运输设备,1.0,-0.521,-1.049,1369444.3014
2671,600654.SH,ST中安,软件服务,1.0,-0.513,-1.047,142703.1561
3363,603536.SH,惠发股份,食品,1.0,-0.52,-1.043,35868.0
1662,300276.SZ,三丰智能,专用机械,1.0,-0.513,-1.042,262063.0863
2339,600246.SH,万通地产,区域地产,1.0,-0.518,-1.039,463600.8
1869,300485.SZ,赛升药业,生物制药,1.0,-0.517,-1.033,260042.88
492,002030.SZ,达安基因,生物制药,1.0,-0.506,-1.029,808112.0602
2727,600717.SH,天津港,港口,1.0,-0.515,-1.027,1291246.9915
3254,603225.SH,新凤鸣,化纤,1.0,-0.514,-1.026,206724.4502
3127,601997.SH,贵阳银行,银行,1.0,-0.508,-1.016,1448350.1961
2795,600790.SH,轻纺城,商品城,1.0,-0.502,-1.008,576055.8347
572,002110.SZ,三钢闽光,普钢,1.0,-0.502,-1.005,919092.4916
2550,600517.SH,置信电气,电气设备,1.0,-0.497,-0.993,496564.3937
1746,300360.SZ,炬华科技,电器仪表,1.0,-0.496,-0.99,265796.844
524,002062.SZ,宏润建设,建筑施工,1.0,-0.495,-0.988,384400.8885
509,002047.SZ,宝鹰股份,装修装饰,2.0,-0.326,-0.98,892985.6188
409,000932.SZ,华菱钢铁,普钢,1.0,-0.487,-0.979,2134846.3164
2173,600059.SH,古越龙山,红黄药酒,1.0,-0.489,-0.978,573243.633
3178,603066.SH,音飞储存,仓储物流,1.0,-0.474,-0.971,214701.8706
2691,600679.SH,上海凤凰,文教休闲,1.0,-0.484,-0.969,235672.1238
2904,600933.SH,爱柯迪,汽车配件,1.0,-0.476,-0.96,196446.7684
2937,600995.SH,文山电力,水力发电,1.0,-0.478,-0.955,347410.1664
235,000681.SZ,视觉中国,互联网,1.0,-0.476,-0.955,773051.8068
736,002275.SZ,桂林三金,中成药,1.0,-0.475,-0.952,721678.226
2700,600688.SH,上海石化,石油加工,1.0,-0.474,-0.947,3832969.4605
3498,603819.SH,神力股份,电气设备,1.0,-0.474,-0.946,93967.5
2157,600033.SH,福建高速,路桥,1.0,-0.471,-0.941,867230.4
2901,600919.SH,江苏银行,银行,1.0,-0.47,-0.939,3803207.3068
1162,002702.SZ,海欣食品,食品,1.0,-0.463,-0.928,136142.545
3086,601857.SH,中国石油,石油开采,1.0,-0.462,-0.922,121765402.5191
130,000538.SZ,云南白药,中成药,1.0,-0.459,-0.921,8630019.0674
1989,300610.SZ,晨化股份,化工原料,1.0,-0.457,-0.92,64315.8435
2449,600377.SH,宁沪高速,路桥,1.0,-0.461,-0.92,3680243.933
3500,603823.SH,百合花,染料涂料,1.0,-0.453,-0.915,121834.393
2486,600425.SH,青松建化,水泥,1.0,-0.443,-0.912,449485.568
1002,002542.SZ,中化岩土,建筑施工,1.0,-0.455,-0.909,422311.0414
2990,601166.SH,兴业银行,银行,1.0,-0.454,-0.906,31245832.2716
2513,600475.SH,华光股份,专用机械,1.0,-0.449,-0.9,123776.5161
3371,603567.SH,珍宝岛,中成药,1.0,-0.45,-0.899,1029181.92
3490,603808.SH,歌力思,服饰,1.0,-0.448,-0.898,545906.6571
3204,603113.SH,金能科技,化工原料,1.0,-0.432,-0.882,410185.4552
436,000971.SZ,高升控股,互联网,1.0,-0.433,-0.875,201135.516
2282,600182.SH,S佳通,汽车配件,1.0,-0.438,-0.875,269620.0
275,000731.SZ,四川美丰,农药化肥,1.0,-0.435,-0.874,335371.6276
554,002092.SZ,中泰化学,化工原料,1.0,-0.425,-0.861,1639714.2552
100,000501.SZ,鄂武商A,百货,1.0,-0.428,-0.856,705896.6136
655,002193.SZ,如意集团,纺织,1.0,-0.427,-0.855,213826.0925
2928,600983.SH,惠而浦,家用电器,1.0,-0.42,-0.845,312753.6
2863,600866.SH,星湖科技,食品,1.0,-0.421,-0.843,227823.8931
2140,600012.SH,皖通高速,路桥,1.0,-0.399,-0.833,693532.0
2992,601169.SH,北京银行,银行,1.0,-0.416,-0.831,10894062.4607
3258,603229.SH,奥翔药业,化学制药,1.0,-0.416,-0.831,64398.14
3408,603630.SH,拉芳家化,日用化工,1.0,-0.411,-0.824,116913.8773
902,002441.SZ,众业达,批发业,1.0,-0.403,-0.823,283944.8405
3273,603288.SH,海天味业,食品,1.0,-0.395,-0.817,20325680.0222
2811,600808.SH,马钢股份,普钢,1.0,-0.405,-0.809,2196132.4364
2881,600885.SH,宏发股份,电气设备,1.0,-0.404,-0.806,1924463.8504
445,000982.SZ,*ST中绒,纺织,1.0,-0.394,-0.8,223825.3666
2375,600289.SH,*ST信通,软件服务,1.0,-0.387,-0.772,145442.1298
2747,600737.SH,中粮糖业,食品,1.0,-0.387,-0.772,1581996.5155
2703,600691.SH,阳煤化工,农药化肥,1.0,-0.379,-0.769,453148.8537
228,000672.SZ,上峰水泥,水泥,1.0,-0.378,-0.764,739567.9185
1921,300538.SZ,同益股份,批发业,1.0,-0.356,-0.751,50704.7038
2253,600149.SH,ST坊展,综合类,1.0,-0.374,-0.748,201864.96
3253,603223.SH,恒通股份,供气供热,1.0,-0.37,-0.745,179088.0
648,002186.SZ,全聚德,酒店餐饮,1.0,-0.372,-0.744,367895.1624
1590,300204.SZ,舒泰神,生物制药,1.0,-0.369,-0.74,500769.4401
1923,300540.SZ,深冷股份,专用机械,1.0,-0.37,-0.74,77353.5081
425,000959.SZ,首钢股份,普钢,1.0,-0.368,-0.735,1201443.0531
72,000338.SZ,潍柴动力,汽车配件,1.0,-0.365,-0.728,4048622.5224
133,000541.SZ,佛山照明,家用电器,1.0,-0.356,-0.722,589731.477
3326,603385.SH,惠达卫浴,家居用品,1.0,-0.353,-0.705,260034.75
2028,300651.SZ,金陵体育,文教休闲,1.0,-0.348,-0.696,113607.9872
2581,600555.SH,海航创新,旅游服务,1.0,-0.33,-0.687,281341.5
1166,002707.SZ,众信旅游,旅游服务,1.0,-0.326,-0.679,309202.6562
176,000598.SZ,兴蓉环境,水务,1.0,-0.335,-0.673,1322894.8407
2590,600565.SH,迪马股份,全国地产,1.0,-0.333,-0.667,705895.3326
1769,300385.SZ,雪浪环境,环境保护,1.0,-0.334,-0.667,86243.5337
3469,603757.SH,大元泵业,专用机械,1.0,-0.323,-0.666,73115.0
530,002068.SZ,黑猫股份,化工原料,1.0,-0.327,-0.66,365413.6815
2149,600023.SH,浙能电力,火力发电,1.0,-0.324,-0.651,6229116.0145
2798,600793.SH,宜宾纸业,造纸,1.0,-0.323,-0.647,161635.5
2775,600767.SH,ST运盛,医疗保健,1.0,-0.317,-0.638,159205.055
2138,600010.SH,包钢股份,普钢,1.0,-0.316,-0.633,4973322.2192
2914,600966.SH,博汇纸业,造纸,1.0,-0.316,-0.633,419769.1064
3124,601991.SH,大唐发电,火力发电,1.0,-0.311,-0.629,3158217.76
2572,600543.SH,莫高股份,红黄药酒,1.0,-0.314,-0.628,203268.96
1666,300280.SZ,紫天科技,专用机械,3.0,-0.155,-0.624,428032.0
3521,603877.SH,太平鸟,服饰,1.0,-0.31,-0.62,353671.0456
2672,600655.SH,豫园股份,百货,1.0,-0.306,-0.613,1165668.1225
2733,600723.SH,首商股份,百货,1.0,-0.304,-0.613,427087.1405
604,002142.SZ,宁波银行,银行,1.0,-0.303,-0.609,8316598.0028
840,002379.SZ,宏创控股,铝,1.0,-0.301,-0.601,306508.0532
2402,600320.SH,振华重工,工程机械,1.0,-0.28,-0.58,1139445.1977
3072,601727.SH,上海电气,电气设备,1.0,-0.289,-0.577,5164935.5879
333,000820.SZ,神雾节能,环境保护,1.0,-0.26,-0.575,149293.9415
2139,600011.SH,华能国际,火力发电,1.0,-0.265,-0.575,7266000.0
3131,603001.SH,奥康国际,服饰,1.0,-0.285,-0.57,419425.08
2609,600585.SH,海螺水泥,水泥,1.0,-0.285,-0.57,13946962.893
1458,300071.SZ,华谊嘉信,广告包装,1.0,-0.267,-0.562,147619.5707
3522,603878.SH,武进不锈,钢加工,1.0,-0.276,-0.551,127676.779
310,000791.SZ,甘肃电投,水力发电,1.0,-0.26,-0.549,527301.8429
2849,600851.SH,海欣股份,纺织,1.0,-0.274,-0.549,534461.2236
2196,600083.SH,博信股份,建筑施工,1.0,-0.259,-0.522,390780.5608
2868,600871.SH,*ST油服,石油开采,2.0,-0.172,-0.518,2312190.911
948,002487.SZ,大金重工,钢加工,1.0,-0.248,-0.512,210060.0
3084,601828.SH,美凯龙,其他商业,1.0,-0.244,-0.511,462676.4023
2115,300742.SZ,越博动力,汽车配件,1.0,-0.247,-0.508,80777.45
3235,603183.SH,建研院,建筑施工,1.0,-0.253,-0.506,115957.4151
3095,601880.SH,大连港,港口,1.0,-0.251,-0.502,1531692.36
3148,603020.SH,爱普股份,食品,1.0,-0.251,-0.502,253760.0
2142,600016.SH,民生银行,银行,1.0,-0.249,-0.497,21277273.9278
865,002404.SZ,嘉欣丝绸,纺织,1.0,-0.246,-0.493,241714.1843
2825,600823.SH,世茂股份,全国地产,1.0,-0.243,-0.488,1530476.6505
2946,601005.SH,重庆钢铁,普钢,1.0,-0.244,-0.488,1709616.9137
2309,600212.SH,江泉实业,综合类,1.0,-0.241,-0.483,210819.2518
495,002033.SZ,丽江旅游,旅游景点,1.0,-0.241,-0.482,340128.232
3456,603718.SH,海利生物,生物制药,1.0,-0.236,-0.474,810796.0
2383,600299.SH,安迪苏,化学制药,1.0,-0.229,-0.458,2915226.6838
156,000568.SZ,泸州老窖,白酒,1.0,-0.218,-0.44,7271324.3691
3111,601939.SH,建设银行,银行,1.0,-0.215,-0.43,6657998.3786
2562,600530.SH,交大昂立,医疗保健,1.0,-0.196,-0.42,369720.0
2145,600019.SH,宝钢股份,普钢,1.0,-0.207,-0.42,15713872.8037
368,000882.SZ,华联股份,百货,1.0,-0.203,-0.417,593235.078
1049,002589.SZ,瑞康医药,医药商业,1.0,-0.206,-0.412,786379.4425
2753,600743.SH,华远地产,区域地产,1.0,-0.191,-0.382,612332.3281
2706,600694.SH,大商股份,百货,1.0,-0.181,-0.373,785109.9595
2278,600177.SH,雅戈尔,服饰,1.0,-0.185,-0.37,2893809.4612
2887,600891.SH,秋林集团,百货,1.0,-0.155,-0.357,214686.7735
2799,600794.SH,保税科技,仓储物流,1.0,-0.171,-0.341,347939.6538
2972,601106.SH,中国一重,工程机械,1.0,-0.164,-0.334,1948324.0
2951,601010.SH,文峰股份,超市连锁,1.0,-0.161,-0.329,559944.0
895,002434.SZ,万里扬,汽车配件,1.0,-0.147,-0.32,635903.6112
2162,600039.SH,四川路桥,建筑施工,1.0,-0.144,-0.289,1192690.1246
3121,601988.SH,中国银行,银行,1.0,-0.136,-0.272,77350943.9485
3014,601288.SH,农业银行,银行,1.0,-0.135,-0.271,108212348.1567
430,000965.SZ,天保基建,区域地产,1.0,-0.126,-0.256,431724.2182
920,002459.SZ,天业通联,工程机械,1.0,-0.098,-0.253,457416.2168
177,000599.SZ,青岛双星,汽车配件,1.0,-0.122,-0.251,305538.8453
2651,600633.SH,浙数文化,互联网,1.0,-0.12,-0.24,1073503.7589
2824,600822.SH,上海物贸,商贸代理,1.0,-0.106,-0.221,358117.7088
300,000778.SZ,新兴铸管,钢加工,1.0,-0.109,-0.219,1787998.582
1809,300425.SZ,环能科技,环境保护,1.0,-0.093,-0.202,311755.6338
1287,002838.SZ,道恩股份,塑料,3.0,-0.042,-0.199,151141.8635
1600,300214.SZ,日科化学,化工原料,1.0,-0.085,-0.172,179262.9038
2153,600028.SH,中国石化,石油加工,1.0,-0.084,-0.17,56092411.604
3020,601328.SH,交通银行,银行,1.0,-0.081,-0.163,24021528.7772
1796,300412.SZ,迦南科技,医疗保健,1.0,-0.075,-0.154,143676.0712
2132,600000.SH,浦发银行,银行,1.0,-0.046,-0.093,30323961.247
674,002212.SZ,南洋股份,电气设备,1.0,-0.034,-0.069,925778.168
3023,601336.SH,新华保险,保险,1.0,-0.006,-0.022,9290632.2597
66,000157.SZ,中联重科,工程机械,1.0,0.0,0.0,2541836.6576
593,002131.SZ,利欧股份,互联网,1.0,0.008,0.0,594222.863
937,002476.SZ,宝莫股份,化工原料,1.0,0.002,-0.0,273218.0554
165,000585.SZ,*ST东电,电气设备,1.0,0.004,-0.0,133463.1942
1687,300301.SZ,长方集团,半导体,1.0,0.0,0.0,206985.6451
3056,601618.SH,中国中冶,建筑施工,1.0,0.001,-0.0,5480754.0852
658,002196.SZ,方正电机,纺织机械,1.0,0.007,0.0,225089.5644
2470,600400.SH,红豆股份,服饰,1.0,0.0,0.0,953608.4305
2331,600236.SH,桂冠电力,水力发电,1.0,0.0,-0.0,3486436.3355
1604,300218.SZ,安利股份,塑料,1.0,0.004,-0.0,145770.2896
2290,600190.SH,锦州港,港口,1.0,0.005,-0.0,564096.596
2187,600074.SH,*ST保千,电脑设备,1.0,0.004,0.0,115944.0039
2319,600223.SH,鲁商置业,区域地产,1.0,0.0,0.0,329318.472
2973,601107.SH,四川成渝,路桥,1.0,0.002,0.0,793725.58
1155,002695.SZ,煌上煌,食品,1.0,0.045,0.089,507378.2422
2874,600877.SH,ST嘉陵,摩托车,1.0,0.108,0.216,318898.8666
369,000883.SZ,湖北能源,火力发电,1.0,0.129,0.258,2523757.2175
2385,600301.SH,ST南化,化工原料,1.0,0.16,0.32,147437.8838
3365,603555.SH,贵人鸟,服饰,1.0,0.166,0.327,385333.1137
296,000767.SZ,漳泽电力,火力发电,3.0,0.104,0.392,745547.5377
2121,300749.SZ,顶固集创,家居用品,1.0,0.309,0.601,104937.0
398,000920.SZ,南方汇通,环境保护,1.0,0.332,0.663,256088.9448
1956,300576.SZ,容大感光,染料涂料,2.0,0.263,0.701,63063.9541
931,002470.SZ,金正大,农药化肥,1.0,0.547,1.096,2011624.1795
2156,600031.SH,三一重工,工程机械,1.0,0.726,1.457,7570369.9822
422,000955.SZ,欣龙控股,纺织,1.0,0.795,1.591,240660.8888
2632,600610.SH,*ST毅达,建筑施工,1.0,1.646,3.213,96522.6696
938,002477.SZ,雏鹰农牧,农业综合,2.0,2.449,7.107,415812.763
